681,495:669,496;691,512;700,459
923,443:943,416;943,476;891,471
509,487:505,485;516,475
900,359:896,329;894,398
669,496:681,495;615,521
628,579:634,633;615,521;562,575
832,450:832,449;847,452;813,502
746,297:733,324;718,284;797,308
423,332:437,358;206,365
829,209:815,236;882,194
500,580:494,613;462,577;537,560
686,701:699,710;690,654
669,654:690,654;634,633
781,376:821,367
882,194:906,221;829,209
710,527:692,526;732,565
943,416:923,443;894,398
558,646:562,575;599,706
813,502:832,450;764,534
821,367:781,376;797,308
699,710:693,722;686,701
576,430:628,443;561,483;537,372
516,475:509,487;561,483
812,622:801,594;859,592
618,339:546,317
692,526:691,512;710,527
509,368:509,345;537,372;503,402
718,596:732,565
733,324:746,297
509,345:524,333;509,368;467,338
586,234:599,239;528,269
953,340:943,341
634,633:669,654;628,579
767,229:775,200;784,258
764,534:732,565;813,502
879,563:849,561;909,554;879,509
503,402:509,368
821,252:815,248;832,266
467,338:437,358;509,345
599,706:558,646
718,284:746,297
494,613:500,580
928,313:904,317;943,341
537,372:509,368;576,430
616,217:599,239
879,509:891,471;879,563
700,459:685,454;681,495
891,650:890,646;885,683
462,577:500,580
815,248:821,252;815,236;784,258
835,275:832,266
546,317:538,335;531,294;618,339
599,239:586,234;616,217
784,258:798,277;815,248;767,229
849,561:879,563;859,592
693,722:699,710
531,294:528,269;546,317
685,454:700,459;628,443
524,333:538,335;509,345
885,683:891,650
628,443:576,430;685,454
943,476:967,453;923,443
908,276:904,317;906,221
815,236:815,248;829,209
775,200:767,229;728,188
615,521:628,579;669,496
909,554:879,563;915,599
797,308:798,277;746,297;821,367
913,613:911,617;915,599
915,599:913,613;909,554
943,341:953,340;928,313
714,150:728,188
894,398:900,359;943,416
859,592:849,561;812,622
832,449:832,450
798,277:784,258;797,308
690,654:669,654;686,701
904,317:896,329;928,313;908,276
728,188:714,150;775,200
732,565:718,596;710,527;764,534
528,269:531,294;586,234
890,646:891,650;911,617
561,483:516,475;576,430
896,329:904,317;900,359
537,560:562,575;500,580
538,335:524,333;546,317
691,512:692,526;681,495
562,575:537,560;628,579;558,646
891,471:879,509;923,443;848,453
206,365:423,332
847,452:848,453;832,450
906,221:882,194;908,276
801,594:812,622
848,453:847,452;891,471
437,358:423,332;467,338;453,404
505,485:509,487
911,617:913,613;890,646
832,266:835,275;821,252
453,404:437,358
967,453:943,476
